
v = 100/3.6 = 27.7777777778
r = 160 = 160
u = 2*pi*r = 1’005.3096491487

w = v/u * 2*pi = 0.1736111111

(0.5*pi)/w = 9.0477868423
